18
10
8
7
10
8
22
8
10
14
7
7
18
18
11
5
9
10
10
10
14
8
7
10
8
8
15
15
9
10
9
6
9
5
17
16
8
13
22
19
4
9
26
5
10
12
11
13
20
3
7
7
9
8
10
5
4
10
9
7
7
23
18
8
7
10
8
9
7
3
6
10
10
10
10
6
10
10
13
12
9
9
4
22
17
4
10
23
5
9
15
15
9
10
21
10
9
18
10
10
8
7
8
17
7
7
17
2
8
7
11
9
7
8
24
4
22
10
9
10
10
8
3
8
2
5
9
10
9
18
12
10
8
10
6
9
3
5
15
13
10
8
4
8
9
6
10
9
10
16
6
9
5
8
8
10
11
9
10
11
5
8
10
19
15
9
10
11
9
22
8
6
4
8
8
15
5
15
13
15
7
6
5
7
16
9
6
6
8
10
10
9
10
8
8
19
9
17
6
8
10
17
3
10
11
5
10
7
6
8
15
13
10
7
17
10
8
10
22
10
9
8
5
5
10
14
4
14
3
10
20
12
15
5
19
10
3
8
21
1
5
10
15
10
4
10
7
16
8
11
5
15
10
10
8
6
10
8
19
8
10
7
8
5
8
8
19
10
3
10
8
12
15
8
10
11
16
5
9
9
9
11
20
3
6
8
5
7
14
12
6
10
8
10
10
22
9
13
7
9
20
10
8
16
7
17
4
8
10
17
7
10
16
8
8
15
9
17
7
8
17
10
8
3
5
9
7
8
4
5
9
2
10
20
8
8
5
9
9
10
10
10
9
24
4
5
15
9
4
10
6
9
19
8
14
10
7
9
12
2
1
3
19
7
17
4
12
8
14
6
8
10
8
26
10
4
4
1
12
5
6
6
10
11
6
7
10
9
8
6
10
14
5
9
2
6
21
8
17
12
24
8
23
18
10
6
3
6
15
5
8
7
9
11
6
10
10
8
17
10
6
3
9
10
15
6
19
9
12
9
16
9
10
11
9
10
11
12
14
5
13
11
22
5
9
7
5
6
2
19
10
5
5
9
22
15
6
6
15
10
14
9
5
9
22
6
7
11
5
9
8
9
15
8
5
16
9
10
9
10
10
1
8
5
12
10
19
7
19
10
14
5
7
8
6
15
17
14
7
11
6
7
10
7
9
9
10
7
16
5
8
10
7
20
18
6
10
3
11
10
5
21
10
10
12
17
9
10
9
7
16
18
17
5
7
20
19
9
9
5
17
8
13
11
22
8
8
7
11
24
18
7
7
5
12
10
14
11
7
18
14
3
8
8
9
11
10
10
14
5
6
4
10
6
13
7
22
10
9
14
10
8
5
18
8
8
8
7
9
8
22
19
17
5
15
9
9
7
16
6
8
9
11
13
9
8
20
12
9
6
10
20
3
9
6
8
10
8
9
1
10
10
17
15
7
16
9
9
7
19
10
26
13
11
7
9
10
4
17
9
8
10
10
15
5
8
8
9
11
8
9
9
8
8
9
12
9
9
7
10
16
11
18
10
10
5
6
16
10
7
5
11
10
16
9
13
8
9
8
17
17
6
9
9
5
10
8
9
11
9
5
8
9
10
12
24
13
13
1
10
10
8
6
13
10
6
4
12
2
12
12
14
15
24
15
8
7
9
7
16
5
4
7
8
7
10
10
10
9
8
9
7
15
7
14
7
9
17
21
10
8
8
25
5
8
7
9
20
8
8
8
4
18
10
9
12
6
14
8
9
11
6
15
4
24
5
8
17
15
8
1
13
8
15
10
2
8
6
8
10
8
9
11
4
10
9
15
9
6
11
11
10
14
5
14
15
15
10
17
9
3
9
9
10
3
7
9
21
22
18
6
7
8
10
1
8
5
8
4
15
1
13
8
11
22
10
7
9
20
20
10
7
9
6
7
12
6
8
7
12
1
17
10
10
10
12
9
6
5
18
17
9
17
10
10
12
21
8
8
4
9
17
10
9
9
3
7
8
9
10
14
14
13
10
15
12
8
7
11
9
10
12
14
10
14
10
2
7
17
15
10
18
9
9
8
24
5
8
17
15
24
10
5
30
10
10
11
9
16
13
18
9
6
13
5
8
4
10
12
3
22
13
11
8
8
8
10
8
10
21
17
23
10
10
8
16
8
23
5
9
13
10
15
14
7
13
2
14
10
6
22
19
14
6
17
3
10
2
7
12
16
6
6
15
13
8
7
9
12
10
10
7
9
8
17
5
7
13
11
10
5
10
8
22
13
12
8
21
18
7
6
8
16
10
8
16
8
7
12
15
